#num of lenses	10083	#num of sources	10103264
#radius		gammat			gammax			gammatlss		gammaxlss
0.012006	2.766514e-03	-1.126552e-06	-5.158770e-06	-2.301492e-07
0.016822	2.117755e-03	1.380961e-06	-5.591336e-06	2.290091e-07
0.023571	1.570312e-03	-8.985947e-07	-8.190924e-06	4.119848e-07
0.033026	1.207176e-03	1.228961e-06	-1.125861e-05	6.058363e-07
0.046275	9.562098e-04	2.023730e-06	-1.322991e-05	8.296947e-07
0.064839	7.659397e-04	1.556445e-06	-1.332084e-05	1.081615e-06
0.090850	5.624313e-04	3.809438e-06	-1.949647e-05	1.546260e-06
0.127295	3.794981e-04	1.062565e-05	-2.891943e-05	2.349360e-06
0.178361	2.754412e-04	1.937833e-05	-4.052998e-05	3.579139e-06
0.249914	2.236493e-04	1.633054e-05	-5.756319e-05	4.627755e-06
